4.785534775393179840e-02 5.868542470838990222e-03 9.277143814561281121e-03 4.027494690464858418e-03 2.127679055414535836e-02 1.873488148370516804e-02 1.258036514700748565e-02 1.155647387522958786e-02 4.267331950992261924e-02 4.602065627715472285e-02 1.019766428989470064e-02 1.065960067466391326e-02 3.322853052406107843e-03 2.658253637474981834e-02 1.060866609516515624e-02 6.253562501686002473e-03
1.108387076434143026e-01 1.102378683558600803e-01 3.792726789651738872e-02 3.673585186570997585e-02 7.087242522915077059e-02 8.497825888453987286e-02 4.571525424684069749e-02 3.734636846504010843e-02 8.079418310787289670e-02 8.755086143341997418e-02 6.290074636708115063e-02 4.910366050961998546e-02 9.786063850126665298e-02 7.390531224684596112e-02 1.135265283955124438e-01 1.113692330759146754e-01
8.702075042971230134e-02 1.574486822774426864e-01 1.669196028724361514e-01 1.597003472041801098e-01 1.228245735923977205e-01 9.563758931059807011e-02 1.270564920045439694e-01 1.246018792381773793e-01 1.112087521159744741e-01 1.430368658679858074e-01 1.684662154412905344e-01 1.410970049501240053e-01 1.309224298513416151e-01 1.519800153149065969e-01 1.114553070302454624e-01 9.408358219649151644e-02
1.759629843840979646e-01 1.601128712889657024e-01 1.878234837810265345e-01 2.040944405086874136e-01 2.340600428416329537e-01 2.394271539797465653e-01 2.396390400377510221e-01 1.522739386124291883e-01 1.792847451480588938e-01 2.266163952949985794e-01 1.943974904099906031e-01 1.790360433086413128e-01 2.428936170446553411e-01 1.879220785842541652e-01 2.032534502505100038e-01 1.624722902365494381e-01
2.739139703228103961e-01 2.486578812070119049e-01 2.449902049707986806e-01 3.153900939215447119e-01 2.612176817287589770e-01 3.159517871570364234e-01 2.837326511828837661e-01 2.376734448262162736e-01 2.708168910798050000e-01 2.648814898144043473e-01 2.382641688197340568e-01 2.386559983151796682e-01 2.482456219477275627e-01 2.871677108469640194e-01 2.830557982340641265e-01 2.565232239980937412e-01
3.552791256702801381e-01 3.306700849873889791e-01 2.924806256815076222e-01 3.325289308362545104e-01 2.868458532352184953e-01 3.013600733232876250e-01 3.020778642120816038e-01 3.191357676057257620e-01 3.731321496311547636e-01 3.061926172731018192e-01 3.641908028761299265e-01 3.703996286300742513e-01 3.006441639896948459e-01 2.937999352068163539e-01 3.455461820590431943e-01 3.210859896717219719e-01
3.732353912359436254e-01 4.044930270241314241e-01 3.749850030728552608e-01 4.371739883869503185e-01 4.379395315662865107e-01 3.835454550797172679e-01 4.299194597822904029e-01 4.412419864164965344e-01 3.999849663647178089e-01 4.388334340926340893e-01 3.653455800887719929e-01 3.700229936049050927e-01 3.827491566157270597e-01 3.711466962957467031e-01 4.018536517940536346e-01 4.398207561917270580e-01
4.382671598878962738e-01 4.810328027780744753e-01 5.010584104230708657e-01 5.142263530710708963e-01 5.144837469637039140e-01 4.558430811875680000e-01 4.804483113162054675e-01 4.499317196887458459e-01 4.408771901819319994e-01 5.128657085575905050e-01 4.450353904227867252e-01 5.026637181653607067e-01 4.556371642347074591e-01 4.471230141287826920e-01 5.119635745497640444e-01 4.523617874336001710e-01
5.123518281339938252e-01 5.811397039527590458e-01 5.201044201507324383e-01 5.352633677224840625e-01 5.017688349072285670e-01 4.965958079374501732e-01 5.726729115154745031e-01 5.676325430327147092e-01 5.120726285310964743e-01 4.893706130863820780e-01 5.120163363151257752e-01 5.402214834300885782e-01 4.994746215694883529e-01 5.309162127886005722e-01 5.013216594905731682e-01 5.201656917614173592e-01
6.158999608028035144e-01 5.738288081448778000e-01 5.960529235539105963e-01 5.976896747393458664e-01 6.129109133187305991e-01 6.201697240393919675e-01 5.913657253218425058e-01 6.364937331461451020e-01 5.570052969568625167e-01 5.858357038906281122e-01 6.324414142876629841e-01 6.405090057105786716e-01 6.451723948099351569e-01 6.122396523267680246e-01 6.000821133911788952e-01 6.050007326501173344e-01
6.766563751773549962e-01 6.537938670215216463e-01 6.177636933311797529e-01 7.154132250199545240e-01 6.973366902943567425e-01 6.282018913534436200e-01 6.951873295553372412e-01 6.873884786996500296e-01 6.489645760353524029e-01 6.902700944948799711e-01 6.609168024787018814e-01 6.252225049372288623e-01 6.678904041169370087e-01 6.488279214539438566e-01 6.832988510745299227e-01 6.612523062519706230e-01
7.744261416015254529e-01 7.209802561729493631e-01 7.728545213486494037e-01 7.043095076639879215e-01 7.113585624385161399e-01 7.310469180789345156e-01 7.178059703820975912e-01 7.349070646345567948e-01 6.946080269156302833e-01 7.120200131016213296e-01 7.545940278231071385e-01 7.018985962763781838e-01 6.897703299919332176e-01 6.868948311424416531e-01 7.366685003803368215e-01 6.982726047008044334e-01
8.272849345485282502e-01 8.050337825289460847e-01 8.079269414814079786e-01 7.544569797565456870e-01 8.066087370626467967e-01 7.877270347444531584e-01 7.905001219338181340e-01 7.920680036924113709e-01 7.638087666279791410e-01 7.915659039703817346e-01 7.805807705685594566e-01 7.807670229149346053e-01 7.681375017391253168e-01 8.466500605465265838e-01 8.052370756543840713e-01 7.542777298755717341e-01
8.550165154348616792e-01 8.746825157989366328e-01 8.376477095050280930e-01 8.563653841784624188e-01 8.398498867943428037e-01 8.770734486735343172e-01 8.512496663726063506e-01 8.404884612539700317e-01 8.541541337888978180e-01 8.588485789463160547e-01 8.996165002529530330e-01 8.742836120935042477e-01 8.914788976834705503e-01 8.785438586016636187e-01 8.424829497291226321e-01 8.545794726100783834e-01
8.883163959578883606e-01 9.585216838123676864e-01 9.092498956074507310e-01 8.965975564301309486e-01 9.313114914654644361e-01 8.848752268549718858e-01 9.717484905411097884e-01 9.198525317427146408e-01 9.063073050381301732e-01 9.193135693414338228e-01 8.864184380850019807e-01 9.244214137155101207e-01 9.798621361833625976e-01 9.238445340312191334e-01 9.260848112535303711e-01 9.023104286013667874e-01
9.825961904695200699e-01 9.812826355924659794e-01 9.787212029948253456e-01 9.906973675666894685e-01 9.663518065223363207e-01 9.679452075190790872e-01 9.789703666747087141e-01 9.663883759787464944e-01 9.826264870836612930e-01 9.945017117463998968e-01 9.695137724841517146e-01 9.987912784809112043e-01 9.560996206614482684e-01 9.993505525884636143e-01 9.520960152327085924e-01 9.683456094091178468e-01
